%YAML:1.0
---
camera_matrix: !!opencv-matrix
   rows: 3
   cols: 3
   dt: d
   data: [ 1.0007905444797003e+03, 0., 6.1203049193326353e+02, 0.,
       1.0045287426646357e+03, 3.5126259741156468e+02, 0., 0., 1. ]
dist_coeff: !!opencv-matrix
   rows: 1
   cols: 5
   dt: d
   data: [ 1.5514319629941600e-01, -5.0222787149044568e-01,
       -5.2725064584886044e-04, 1.2389430787896980e-03,
       4.9252646753115747e-01 ]
